links

inst = np.array([
    [0.25, 0.50],
    [0.50, 0.35],
    [0.25, 0.50],
    [1.00, 0.35],
    [1.40, 0.70],
    [0.50, 0.85],
    [0.25, 1.00],
    [0.75, 1.00],
    [0.35, 1.25],
    [0.85, 1.25],
    [3.25, 0.50],
    [3.50, 0.35],
    [3.00, 1.00],
    [3.25, 0.85],
    [3.45, 0.85],
    [3.75, 0.85],
    [3.25, 1.10],
    [3.00, 3.25],
    [3.25, 3.00],
    [3.10, 3.50],
    [1.00, 2.50],
    [1.20, 2.40],
    [1.25, 2.50],
    [1.50, 2.50],
    [0.65, 2.75],
    [1.20, 2.75],
    [1.37, 2.75],
    [1.00, 3.00],
    [1.10, 3.20],
    [0.85, 3.35],
])

inst = np.array([
    [0.30, 1.75],
    [0.30, 2.00],
    [0.30, 2.25]
])

17.
inst = np.array([
    [−9.00, 0.00],
    [−8.00, 0.00],
    [−7.00, 0.00],
    [−6.00, 0.00],
    [−5.00, 0.00],
    [5.00, 0.00],
    [5.00, 0.00],
    [6.00, 0.00],
    [6.00, 0.00],
    [7.00, 0.00],
    [7.00, 0.00],
    [8.00, 0.00],
    [9.00, 0.00],
    [8.00, 0.00],
    [9.00, 0.00]
])

1.
−2.2, −2.0, −0.3, 0.1, 0.2, 0.4, 1.6, 1.7, 1.9, 2.0
inst = np.array([
    [−2.20, 0.00],
    [−2.00, 0.00],
    [−0.30, 0.00],
    [0.10, 0.00],
    [0.20, 0.00],
    [0.40, 0.00],
    [1.60, 0.00],
    [1.70, 0.00],
    [1.90, 0.00],
    [2.00, 0.00]
])

11.
inst = np.array([
    [0.00, 0.00],
    [8.00, 0.00],
    [16.00, 0.00],
    [0.00, 6.00],
    [8.00, 6.00],
    [16.00, 6.00]
])