coordonate centroizi
label instante

link 1 - 30
[[3.25 1.1 ]
 [3.1  3.5 ]
 [0.85 3.35]]
[2, 0, 2, 0, 0, 2, 2, 2, 2, 2, 0, 0, 0, 0, 0, 0, 0, 1, 1, 1, 2, 2, 2, 2, 2, 2, 2, 2, 2, 2]

link 2 -
[[ 0.3         2.25      ]
 [-0.90042845 -1.28568636]]
[0, 0, 0]

17.-------------------------------

k=2
[[ 9.  0.]
 [-5.  0.]]
[1, 1, 1, 1, 1, 0, 0, 0, 0, 0, 0, 0, 0, 0, 0]

k=3
[[-6.  0.]
 [-5.  0.]
 [ 9.  0.]]
[0, 0, 0, 0, 1, 2, 2, 2, 2, 2, 2, 2, 2, 2, 2]

1.-------------------------------------
[[ 2.   0. ]
 [-2.   0. ]
 [ 0.4  0. ]]
[1, 1, 2, 2, 2, 2, 0, 0, 0, 0]

11.---------------------------------------------
[[ 8.  6.]
 [16.  6.]
 [ 0.  6.]]
[2, 0, 1, 2, 0, 1]
